This folder: /media/daniella/B/git/nerdy DAOs/FilePeace/folderstamp

  File: ./folderstamp
  Size: 2944      	Blocks: 8          IO Block: 4096   regular file
Device: 8,20	Inode: 956511      Links: 1
Access: (0755/-rwxr-xr-x)  Uid: ( 1000/daniella)   Gid: ( 1000/daniella)
Access: 2023-06-27 11:50:51.272619800 -0300
Modify: 2023-06-27 11:50:51.195986900 -0300
Change: 2023-06-27 11:50:51.239787200 -0300
 Birth: 2023-06-27 11:50:51.148420800 -0300
IPFS hash: 
------------------------------
  File: ./install.sh
  Size: 220       	Blocks: 0          IO Block: 4096   regular file
Device: 8,20	Inode: 3142527     Links: 1
Access: (0755/-rwxr-xr-x)  Uid: ( 1000/daniella)   Gid: ( 1000/daniella)
Access: 2023-04-06 23:09:47.197587800 -0300
Modify: 2023-01-29 20:18:12.260950600 -0300
Change: 2023-01-29 20:18:12.587337600 -0300
 Birth: 2023-01-29 20:18:12.259382000 -0300
IPFS hash: 
------------------------------
  File: ./Tasks.txt
  Size: 1473      	Blocks: 8          IO Block: 4096   regular file
Device: 8,20	Inode: 4304065     Links: 1
Access: (0755/-rwxr-xr-x)  Uid: ( 1000/daniella)   Gid: ( 1000/daniella)
Access: 2023-11-21 03:56:59.554543400 -0300
Modify: 2023-11-21 03:56:53.846572900 -0300
Change: 2023-11-21 03:56:54.162571200 -0300
 Birth: 2023-11-21 03:56:53.842572900 -0300
IPFS hash: 
------------------------------